num_unique_refs: 6 num_unique_ris_raw: 3 num_unique_ri_bins: 6
printing distribution:
ri: 1 freq: 0.2514320536258379
ri: 3 freq: 0.24960390006093844
ri: 4 freq: 0.21840341255332116
ri: 998 freq: 0.031078610603290677
ri: 1026 freq: 0.21840341255332116
ri: 255474 freq: 0.031078610603290677
